# name: debug
# type: sparse matrix
# nnz: 144
# rows: 12
# columns: 12

1 1 0.04
2 1 0
3 1 0
4 1 0
5 1 0.16
6 1 -0.04
7 1 -0.04
8 1 0
9 1 0
10 1 0
11 1 -0.06
12 1 0.1
1 2 0
2 2 1.01
3 2 -0.99
4 2 -5.03
5 2 0.99
6 2 1.01
7 2 0
8 2 -0.02
9 2 2
10 2 5.03
11 2 -2
12 2 -0.02
1 3 0
2 3 -0.99
3 3 1.01
4 3 4.97
5 3 -1.01
6 3 -0.99
7 3 0
8 3 -0.02
9 3 -2
10 3 -4.97
11 3 2
12 3 -0.02
1 4 0
2 4 -5.03
3 4 4.97
4 4 26.1
5 4 -4.97
6 4 -5.03
7 4 0
8 4 0.06
9 4 -10
10 4 -26.1
11 4 10
12 4 0.06
1 5 0.16
2 5 0.99
3 5 -1.01
4 5 -4.97
5 5 2.66
6 5 1.82
7 5 -0.16
8 5 0.02
9 5 2
10 5 4.97
11 5 -4.24
12 5 0.44
1 6 -0.04
2 6 1.01
3 6 -0.99
4 6 -5.03
5 6 1.82
6 6 2.1
7 6 0.04
8 6 -0.02
9 6 2
10 6 5.03
11 6 -3.96
12 6 -0.16
1 7 -0.04
2 7 0
3 7 0
4 7 0
5 7 -0.16
6 7 0.04
7 7 0.04
8 7 0
9 7 0
10 7 0
11 7 0.06
12 7 -0.1
1 8 0
2 8 -0.02
3 8 -0.02
4 8 0.06
5 8 0.02
6 8 -0.02
7 8 0
8 8 0.04
9 8 0
10 8 -0.06
11 8 0
12 8 0.04
1 9 0
2 9 2
3 9 -2
4 9 -10
5 9 2
6 9 2
7 9 0
8 9 0
9 9 4
10 9 10
11 9 -4
12 9 0
1 10 0
2 10 5.03
3 10 -4.97
4 10 -26.1
5 10 4.97
6 10 5.03
7 10 0
8 10 -0.06
9 10 10
10 10 26.1
11 10 -10
12 10 -0.06
1 11 -0.06
2 11 -2
3 11 2
4 11 10
5 11 -4.24
6 11 -3.96
7 11 0.06
8 11 0
9 11 -4
10 11 -10
11 11 8.1
12 11 -0.14
1 12 0.1
2 12 -0.02
3 12 -0.02
4 12 0.06
5 12 0.44
6 12 -0.16
7 12 -0.1
8 12 0.04
9 12 0
10 12 -0.06
11 12 -0.14
12 12 0.34
